AAD = 4.153915211643352
RMSE = 16.104886335555886
MAE = 12.505663053738267
R2 = 0.8675362169117483
