AAD = 5.806034079866154
RMSE = 29.93726876245173
MAE = 20.91485189132906
R2 = 0.8255942096873468
