train = (5.354169198121778, 0.9912099179603479)
AAD = 3.874783173701276
AAD_list = [4.4980294046227876, 3.3861603391445527, 3.7775092987769416, 3.8614193715929006, 3.8507974543691965]
RMSE = 15.764262207040796
RMSE_list = [18.780080716051682, 12.707768904619208, 15.591602689758306, 17.010414836531176, 14.731443888243604]
MAE = 11.985127745035625
MAE_list = [14.073257262241015, 10.101089902447553, 11.945600947089867, 12.087885501955915, 11.717805111443774]
R2 = 0.8686873348085827
R2_list = [0.8556375555900428, 0.92640753644678, 0.8707880077053858, 0.7823204925578353, 0.9082830817428696]
