AAD = 0.7754501873536019
AAD_list = [0.5190368192350043, 0.8137118297133761, 0.5979961696822514, 0.7949222337927997, 0.5099605028451011, 0.8646922051833803, 0.5554287144433265, 0.8110681757654926, 1.2495683392690526, 1.0381168836062342]
RMSE = 3.269450539143071
RMSE_list = [2.093610608206895, 4.1769265950791095, 2.2983945559488177, 3.173600061004917, 2.075519574999488, 4.221946632766039, 2.3317712953996987, 3.1041024527023455, 4.883972860541564, 4.334660754781839]
MAE = 2.567052580068199
MAE_list = [1.7162042362929313, 2.833154425981782, 1.9493503884707835, 2.6306380225548267, 1.7608720929430035, 2.866962153946385, 1.7987722610884833, 2.7491272695104954, 4.056450170377096, 3.3089947795162]
R2 = 0.9628136213505556
R2_list = [0.9737903895266403, 0.9681733982623083, 0.9878758678904541, 0.987807220735847, 0.9959946293908202, 0.7795873260789759, 0.968883699137811, 0.9811249776349465, 0.9934947707404241, 0.9914039341073277]
train = (0.7702647328014363, 0.9990983036119511)
