AAD = 4.5430544860734186
AAD_list = [4.330383844251742, 4.7002066958713975, 4.777553410642418, 4.375777556426146, 4.53135092317539]
RMSE = 28.14885944744854
RMSE_list = [25.919387050518647, 31.301470555489168, 29.415538566717505, 26.54350674526236, 27.564394319255037]
MAE = 17.53375764607193
MAE_list = [16.805040241518647, 18.076423566215553, 18.370104681610503, 16.955258975584147, 17.461960765430806]
R2 = 0.8575241437803168
R2_list = [0.8761416855958526, 0.8197353129630014, 0.8521029584569633, 0.8753960530781015, 0.8642447088076652]
