train = (3.050125976154406, 0.9977808844258924)
AAD = 3.7810707061627418
AAD_list = [3.7038788632629, 3.185034317770841, 3.8406062712622124, 4.293702548154452, 3.882131530363303]
RMSE = 16.944731983999084
RMSE_list = [18.573445805834545, 13.741062322987133, 15.226274165091287, 18.63819833644382, 18.544679289638637]
MAE = 11.632598123865785
MAE_list = [11.722637127038501, 9.790638766096862, 11.672371888270677, 12.936199881533701, 12.04114295638918]
R2 = 0.8798314122383127
R2_list = [0.8815777994885547, 0.9230348513311528, 0.8917235941208572, 0.870227143073961, 0.8325936731770377]
