AAD = 2.5955097092839745
AAD_list = [2.7730059284234714, 2.5935727055457063, 1.8342406354419787, 2.9085033874387, 2.111450077032722, 2.574374543727976, 2.563675129995314, 3.0020265802744612, 2.838027803448124, 2.756220301511292]
RMSE = 14.187988151871306
RMSE_list = [14.104924477294414, 13.043579366009197, 8.75741072437995, 19.299119984383918, 10.379398568772348, 12.610017787985798, 12.30003973539581, 16.136160789285, 14.92836310631602, 20.32086697889063]
MAE = 8.759522161156486
MAE_list = [9.514330179184778, 8.821057690790614, 6.351303756039848, 10.024110419883874, 6.907434279090007, 8.920666774771249, 8.647391946405056, 9.508629578488943, 9.084082937179499, 9.816214049731002]
R2 = 0.9373034630959136
R2_list = [0.9373278543082983, 0.9384984928837755, 0.9764216051532851, 0.9022000726714334, 0.9654210004458988, 0.9599157410210298, 0.9477516033203246, 0.9357459150860945, 0.9478224099297194, 0.861929936139277]
train = (6.525973635375839, 0.9883100852863457)
