train = (3.8055167340631826, 0.9915354688691768)
AAD = 1.269960711613345
AAD_list = [1.0898646476727594, 1.5443441074810513, 1.1704703667741445, 1.266068375351023, 1.2790560607877466]
RMSE = 5.027241355540676
RMSE_list = [4.572338074506788, 6.282574709410879, 4.420683746480175, 5.371978156608379, 4.488632090697158]
MAE = 3.6972914919026336
MAE_list = [3.2600109859361983, 4.676749953178661, 3.40729411098614, 3.5400924986306137, 3.6023099107815564]
R2 = 0.9837211195611658
R2_list = [0.9855932203099632, 0.9758364875911084, 0.990468244055584, 0.9787177275558239, 0.9879899182933498]
