AAD = 4.332626826620844
RMSE = 21.0371835555416
MAE = 14.437613368736201
R2 = 0.9129228675143812
