train = (3.0407591513993606, 0.9963064429279743)
AAD = 1.7373478559296747
AAD_list = [1.7650570233538283, 2.0998666902958214, 1.69350976923635, 1.927679682867343, 1.6795729860043784, 1.2658071224737943, 1.7733194457120023, 1.3933711572037106, 1.6394754453762124, 2.135819236773306]
RMSE = 8.088775496719512
RMSE_list = [9.365069115909154, 8.536268003082663, 7.305499655387675, 8.198271854620026, 6.701008709873603, 5.346714790009273, 7.408546221946292, 6.004180407694877, 6.89707814931497, 15.125118059356588]
MAE = 5.389346815396985
MAE_list = [5.685815715009094, 6.469771919725562, 5.292194328377779, 5.915878302966098, 5.283573235122812, 3.872676392236449, 5.561219821326099, 4.26385467323381, 4.97299375073724, 6.575490015234911]
R2 = 0.9636858254079381
R2_list = [0.9524331139462838, 0.96122740113788, 0.965008354011209, 0.9678768367162845, 0.9789184545800422, 0.9842425358667477, 0.9677529145685859, 0.9796714834747858, 0.9674447566290955, 0.9122824031484671]
