AAD = 1.0629007628538358
RMSE = 4.129168108923013
MAE = 3.174090562684579
R2 = 0.9585063847761227
