AAD = 1.4393574961067743
RMSE = 6.564275508515089
MAE = 4.656926248436281
R2 = 0.9886695989177819
