AAD = 4.678408016478289
AAD_list = [5.848614431816665, 4.524229333416975, 3.5715462251909176, 4.996252021028074, 4.451398070938816]
RMSE = 20.488704767558254
RMSE_list = [25.681902418397055, 18.38014218455787, 14.361434711445014, 25.205461918403774, 18.81458260498757]
MAE = 14.384144676550042
MAE_list = [18.603217152580424, 14.27003251141206, 10.344262906431858, 15.217400546362189, 13.485810265963684]
R2 = 0.8125645008493111
R2_list = [0.7695421580509961, 0.8828049681773009, 0.9056683515420594, 0.6292007637479765, 0.8756062627282224]
train = (8.83951388656661, 0.9680828211921726)
